ground floor
(-23, -31) (-14, -20) CONSERVATORY
(-14, -40) (0, -12)
(-6, -48) (14, -40)
(0, -40) (5, -25) STAIRS
(5, -40) (9, -25) CORRIDOR
(9, -33) (12, -30)
(9, -30) (12, -28)
(9, -28) (12, -25)
(0, -25) (12, -10)
(0, -10) (12, -5)
(9, -40) (17, -33)
(12, -33) (22, -15)
(12, -15) (24, -3) FOYER
(17, -47) (40, -33)
(22, -33) (32, -25)
(22, -25) (42, -18)
(22, -18) (37, -15) CORRIDOR
(29, -15) (37, -8)
(32, -33) (37, -29)
(32, -29) (37, -25)
(37, -33) (39, -25) SERVANT_CORRIDOR
(37, -18) (42, -5)
(42, -22) (50, -8) GARAGE
first floor
(-18, -31) (-14, -20) BALCONY
(-14, -40) (0, -25)
(-14, -25) (5, -12)
(-6, -48) (14, -40)
(0, -40) (5, -25)
(5, -40) (12, -10) LANDING
(12, -40) (40, -37) CORRIDOR
(12, -37) (22, -29)
(12, -29) (32, -26) CORRIDOR
(12, -26) (20, -13)
(12, -13) (24, -3)
(17, -47) (28, -40)
(20, -25) (32, -15)
(20, -15) (24, -13)
(22, -37) (32, -29)
(28, -47) (40, -40)
(32, -37) (37, -25)
(32, -25) (42, -8)
(37, -37) (40, -33)
(37, -33) (39, -25) SERVANT_CORRIDOR
